{"cells":[{"cell_type":"code","execution_count":1,"metadata":{"execution":{"iopub.execute_input":"2024-04-30T04:19:54.714342Z","iopub.status.busy":"2024-04-30T04:19:54.713732Z","iopub.status.idle":"2024-04-30T04:20:07.474835Z","shell.execute_reply":"2024-04-30T04:20:07.473686Z","shell.execute_reply.started":"2024-04-30T04:19:54.714303Z"},"trusted":true},"outputs":[{"name":"stdout","output_type":"stream","text":["Requirement already satisfied: pytorch-pretrained-bert in c:\\users\\yashk\\appdata\\local\\programs\\python\\python312\\lib\\site-packages (0.6.2)\n","Requirement already satisfied: torch>=0.4.1 in c:\\users\\yashk\\appdata\\local\\programs\\python\\python312\\lib\\site-packages (from pytorch-pretrained-bert) (2.3.0)\n","Requirement already satisfied: numpy in c:\\users\\yashk\\appdata\\local\\programs\\python\\python312\\lib\\site-packages (from pytorch-pretrained-bert) (1.26.4)\n","Requirement already satisfied: boto3 in c:\\users\\yashk\\appdata\\local\\programs\\python\\python312\\lib\\site-packages (from pytorch-pretrained-bert) (1.34.94)\n","Requirement already satisfied: requests in c:\\users\\yashk\\appdata\\local\\programs\\python\\python312\\lib\\site-packages (from pytorch-pretrained-bert) (2.31.0)\n","Requirement already satisfied: tqdm in c:\\users\\yashk\\appdata\\local\\programs\\python\\python312\\lib\\site-packages (from pytorch-pretrained-bert) (4.66.2)\n","Requirement already satisfied: regex in c:\\users\\yashk\\appdata\\local\\programs\\python\\python312\\lib\\site-packages (from pytorch-pretrained-bert) (2024.4.28)\n","Requirement already satisfied: filelock in c:\\users\\yashk\\appdata\\local\\programs\\python\\python312\\lib\\site-packages (from torch>=0.4.1->pytorch-pretrained-bert) (3.14.0)\n","Requirement already satisfied: typing-extensions>=4.8.0 in c:\\users\\yashk\\appdata\\local\\programs\\python\\python312\\lib\\site-packages (from torch>=0.4.1->pytorch-pretrained-bert) (4.11.0)\n","Requirement already satisfied: sympy in c:\\users\\yashk\\appdata\\local\\programs\\python\\python312\\lib\\site-packages (from torch>=0.4.1->pytorch-pretrained-bert) (1.12)\n","Requirement already satisfied: networkx in c:\\users\\yashk\\appdata\\local\\programs\\python\\python312\\lib\\site-packages (from torch>=0.4.1->pytorch-pretrained-bert) (3.3)\n","Requirement already satisfied: jinja2 in c:\\users\\yashk\\appdata\\local\\programs\\python\\python312\\lib\\site-packages (from torch>=0.4.1->pytorch-pretrained-bert) (3.1.3)\n","Requirement already satisfied: fsspec in c:\\users\\yashk\\appdata\\local\\programs\\python\\python312\\lib\\site-packages (from torch>=0.4.1->pytorch-pretrained-bert) (2024.3.1)\n","Requirement already satisfied: mkl<=2021.4.0,>=2021.1.1 in c:\\users\\yashk\\appdata\\local\\programs\\python\\python312\\lib\\site-packages (from torch>=0.4.1->pytorch-pretrained-bert) (2021.4.0)\n","Requirement already satisfied: botocore<1.35.0,>=1.34.94 in c:\\users\\yashk\\appdata\\local\\programs\\python\\python312\\lib\\site-packages (from boto3->pytorch-pretrained-bert) (1.34.94)\n","Requirement already satisfied: jmespath<2.0.0,>=0.7.1 in c:\\users\\yashk\\appdata\\local\\programs\\python\\python312\\lib\\site-packages (from boto3->pytorch-pretrained-bert) (1.0.1)\n","Requirement already satisfied: s3transfer<0.11.0,>=0.10.0 in c:\\users\\yashk\\appdata\\local\\programs\\python\\python312\\lib\\site-packages (from boto3->pytorch-pretrained-bert) (0.10.1)\n","Requirement already satisfied: charset-normalizer<4,>=2 in c:\\users\\yashk\\appdata\\local\\programs\\python\\python312\\lib\\site-packages (from requests->pytorch-pretrained-bert) (3.3.2)\n","Requirement already satisfied: idna<4,>=2.5 in c:\\users\\yashk\\appdata\\local\\programs\\python\\python312\\lib\\site-packages (from requests->pytorch-pretrained-bert) (3.7)\n","Requirement already satisfied: urllib3<3,>=1.21.1 in c:\\users\\yashk\\appdata\\local\\programs\\python\\python312\\lib\\site-packages (from requests->pytorch-pretrained-bert) (2.2.1)\n","Requirement already satisfied: certifi>=2017.4.17 in c:\\users\\yashk\\appdata\\local\\programs\\python\\python312\\lib\\site-packages (from requests->pytorch-pretrained-bert) (2024.2.2)\n","Requirement already satisfied: colorama in c:\\users\\yashk\\appdata\\roaming\\python\\python312\\site-packages (from tqdm->pytorch-pretrained-bert) (0.4.6)\n","Requirement already satisfied: python-dateutil<3.0.0,>=2.1 in c:\\users\\yashk\\appdata\\roaming\\python\\python312\\site-packages (from botocore<1.35.0,>=1.34.94->boto3->pytorch-pretrained-bert) (2.9.0.post0)\n","Requirement already satisfied: intel-openmp==2021.* in c:\\users\\yashk\\appdata\\local\\programs\\python\\python312\\lib\\site-packages (from mkl<=2021.4.0,>=2021.1.1->torch>=0.4.1->pytorch-pretrained-bert) (2021.4.0)\n","Requirement already satisfied: tbb==2021.* in c:\\users\\yashk\\appdata\\local\\programs\\python\\python312\\lib\\site-packages (from mkl<=2021.4.0,>=2021.1.1->torch>=0.4.1->pytorch-pretrained-bert) (2021.12.0)\n","Requirement already satisfied: MarkupSafe>=2.0 in c:\\users\\yashk\\appdata\\local\\programs\\python\\python312\\lib\\site-packages (from jinja2->torch>=0.4.1->pytorch-pretrained-bert) (2.1.5)\n","Requirement already satisfied: mpmath>=0.19 in c:\\users\\yashk\\appdata\\local\\programs\\python\\python312\\lib\\site-packages (from sympy->torch>=0.4.1->pytorch-pretrained-bert) (1.3.0)\n","Requirement already satisfied: six>=1.5 in c:\\users\\yashk\\appdata\\roaming\\python\\python312\\site-packages (from python-dateutil<3.0.0,>=2.1->botocore<1.35.0,>=1.34.94->boto3->pytorch-pretrained-bert) (1.16.0)\n","Note: you may need to restart the kernel to use updated packages.\n"]}],"source":["%pip install pytorch-pretrained-bert"]},{"cell_type":"code","execution_count":2,"metadata":{"execution":{"iopub.execute_input":"2024-04-30T04:20:07.477286Z","iopub.status.busy":"2024-04-30T04:20:07.476970Z","iopub.status.idle":"2024-04-30T04:20:07.481771Z","shell.execute_reply":"2024-04-30T04:20:07.480722Z","shell.execute_reply.started":"2024-04-30T04:20:07.477256Z"},"trusted":true},"outputs":[],"source":["# !pip install --upgrade tensorflow-addons"]},{"cell_type":"code","execution_count":3,"metadata":{"execution":{"iopub.execute_input":"2024-04-30T04:20:07.483389Z","iopub.status.busy":"2024-04-30T04:20:07.483028Z","iopub.status.idle":"2024-04-30T04:20:07.490026Z","shell.execute_reply":"2024-04-30T04:20:07.489007Z","shell.execute_reply.started":"2024-04-30T04:20:07.483344Z"},"trusted":true},"outputs":[],"source":["# !pip install 'keras<3.0.0' mediapipe-model-maker"]},{"cell_type":"code","execution_count":4,"metadata":{"execution":{"iopub.execute_input":"2024-04-30T04:20:07.491627Z","iopub.status.busy":"2024-04-30T04:20:07.491322Z","iopub.status.idle":"2024-04-30T04:21:12.769506Z","shell.execute_reply":"2024-04-30T04:21:12.768369Z","shell.execute_reply.started":"2024-04-30T04:20:07.491601Z"},"trusted":true},"outputs":[{"name":"stdout","output_type":"stream","text":["Requirement already satisfied: tensorflow in c:\\users\\yashk\\appdata\\local\\programs\\python\\python312\\lib\\site-packages (2.16.1)\n","Requirement already satisfied: tensorflow-intel==2.16.1 in c:\\users\\yashk\\appdata\\local\\programs\\python\\python312\\lib\\site-packages (from tensorflow) (2.16.1)\n","Requirement already satisfied: absl-py>=1.0.0 in c:\\users\\yashk\\appdata\\local\\programs\\python\\python312\\lib\\site-packages (from tensorflow-intel==2.16.1->tensorflow) (2.1.0)\n","Requirement already satisfied: astunparse>=1.6.0 in c:\\users\\yashk\\appdata\\local\\programs\\python\\python312\\lib\\site-packages (from tensorflow-intel==2.16.1->tensorflow) (1.6.3)\n","Requirement already satisfied: flatbuffers>=23.5.26 in c:\\users\\yashk\\appdata\\local\\programs\\python\\python312\\lib\\site-packages (from tensorflow-intel==2.16.1->tensorflow) (24.3.25)\n","Requirement already satisfied: gast!=0.5.0,!=0.5.1,!=0.5.2,>=0.2.1 in c:\\users\\yashk\\appdata\\local\\programs\\python\\python312\\lib\\site-packages (from tensorflow-intel==2.16.1->tensorflow) (0.5.4)\n","Requirement already satisfied: google-pasta>=0.1.1 in c:\\users\\yashk\\appdata\\local\\programs\\python\\python312\\lib\\site-packages (from tensorflow-intel==2.16.1->tensorflow) (0.2.0)\n","Requirement already satisfied: h5py>=3.10.0 in c:\\users\\yashk\\appdata\\local\\programs\\python\\python312\\lib\\site-packages (from tensorflow-intel==2.16.1->tensorflow) (3.11.0)\n","Requirement already satisfied: libclang>=13.0.0 in c:\\users\\yashk\\appdata\\local\\programs\\python\\python312\\lib\\site-packages (from tensorflow-intel==2.16.1->tensorflow) (18.1.1)\n","Requirement already satisfied: ml-dtypes~=0.3.1 in c:\\users\\yashk\\appdata\\local\\programs\\python\\python312\\lib\\site-packages (from tensorflow-intel==2.16.1->tensorflow) (0.3.2)\n","Requirement already satisfied: opt-einsum>=2.3.2 in c:\\users\\yashk\\appdata\\local\\programs\\python\\python312\\lib\\site-packages (from tensorflow-intel==2.16.1->tensorflow) (3.3.0)\n","Requirement already satisfied: packaging in c:\\users\\yashk\\appdata\\roaming\\python\\python312\\site-packages (from tensorflow-intel==2.16.1->tensorflow) (24.0)\n","Requirement already satisfied: protobuf!=4.21.0,!=4.21.1,!=4.21.2,!=4.21.3,!=4.21.4,!=4.21.5,<5.0.0dev,>=3.20.3 in c:\\users\\yashk\\appdata\\local\\programs\\python\\python312\\lib\\site-packages (from tensorflow-intel==2.16.1->tensorflow) (4.25.3)\n","Requirement already satisfied: requests<3,>=2.21.0 in c:\\users\\yashk\\appdata\\local\\programs\\python\\python312\\lib\\site-packages (from tensorflow-intel==2.16.1->tensorflow) (2.31.0)\n","Requirement already satisfied: setuptools in c:\\users\\yashk\\appdata\\local\\programs\\python\\python312\\lib\\site-packages (from tensorflow-intel==2.16.1->tensorflow) (69.5.1)\n","Requirement already satisfied: six>=1.12.0 in c:\\users\\yashk\\appdata\\roaming\\python\\python312\\site-packages (from tensorflow-intel==2.16.1->tensorflow) (1.16.0)\n","Requirement already satisfied: termcolor>=1.1.0 in c:\\users\\yashk\\appdata\\local\\programs\\python\\python312\\lib\\site-packages (from tensorflow-intel==2.16.1->tensorflow) (2.4.0)\n","Requirement already satisfied: typing-extensions>=3.6.6 in c:\\users\\yashk\\appdata\\local\\programs\\python\\python312\\lib\\site-packages (from tensorflow-intel==2.16.1->tensorflow) (4.11.0)\n","Requirement already satisfied: wrapt>=1.11.0 in c:\\users\\yashk\\appdata\\local\\programs\\python\\python312\\lib\\site-packages (from tensorflow-intel==2.16.1->tensorflow) (1.16.0)\n","Requirement already satisfied: grpcio<2.0,>=1.24.3 in c:\\users\\yashk\\appdata\\local\\programs\\python\\python312\\lib\\site-packages (from tensorflow-intel==2.16.1->tensorflow) (1.62.2)\n","Requirement already satisfied: tensorboard<2.17,>=2.16 in c:\\users\\yashk\\appdata\\local\\programs\\python\\python312\\lib\\site-packages (from tensorflow-intel==2.16.1->tensorflow) (2.16.2)\n","Requirement already satisfied: keras>=3.0.0 in c:\\users\\yashk\\appdata\\local\\programs\\python\\python312\\lib\\site-packages (from tensorflow-intel==2.16.1->tensorflow) (3.3.3)\n","Requirement already satisfied: numpy<2.0.0,>=1.26.0 in c:\\users\\yashk\\appdata\\local\\programs\\python\\python312\\lib\\site-packages (from tensorflow-intel==2.16.1->tensorflow) (1.26.4)\n","Requirement already satisfied: wheel<1.0,>=0.23.0 in c:\\users\\yashk\\appdata\\local\\programs\\python\\python312\\lib\\site-packages (from astunparse>=1.6.0->tensorflow-intel==2.16.1->tensorflow) (0.43.0)\n","Requirement already satisfied: rich in c:\\users\\yashk\\appdata\\local\\programs\\python\\python312\\lib\\site-packages (from keras>=3.0.0->tensorflow-intel==2.16.1->tensorflow) (13.7.1)\n","Requirement already satisfied: namex in c:\\users\\yashk\\appdata\\local\\programs\\python\\python312\\lib\\site-packages (from keras>=3.0.0->tensorflow-intel==2.16.1->tensorflow) (0.0.8)\n","Requirement already satisfied: optree in c:\\users\\yashk\\appdata\\local\\programs\\python\\python312\\lib\\site-packages (from keras>=3.0.0->tensorflow-intel==2.16.1->tensorflow) (0.11.0)\n","Requirement already satisfied: charset-normalizer<4,>=2 in c:\\users\\yashk\\appdata\\local\\programs\\python\\python312\\lib\\site-packages (from requests<3,>=2.21.0->tensorflow-intel==2.16.1->tensorflow) (3.3.2)\n","Requirement already satisfied: idna<4,>=2.5 in c:\\users\\yashk\\appdata\\local\\programs\\python\\python312\\lib\\site-packages (from requests<3,>=2.21.0->tensorflow-intel==2.16.1->tensorflow) (3.7)\n","Requirement already satisfied: urllib3<3,>=1.21.1 in c:\\users\\yashk\\appdata\\local\\programs\\python\\python312\\lib\\site-packages (from requests<3,>=2.21.0->tensorflow-intel==2.16.1->tensorflow) (2.2.1)\n","Requirement already satisfied: certifi>=2017.4.17 in c:\\users\\yashk\\appdata\\local\\programs\\python\\python312\\lib\\site-packages (from requests<3,>=2.21.0->tensorflow-intel==2.16.1->tensorflow) (2024.2.2)\n","Requirement already satisfied: markdown>=2.6.8 in c:\\users\\yashk\\appdata\\local\\programs\\python\\python312\\lib\\site-packages (from tensorboard<2.17,>=2.16->tensorflow-intel==2.16.1->tensorflow) (3.6)\n","Requirement already satisfied: tensorboard-data-server<0.8.0,>=0.7.0 in c:\\users\\yashk\\appdata\\local\\programs\\python\\python312\\lib\\site-packages (from tensorboard<2.17,>=2.16->tensorflow-intel==2.16.1->tensorflow) (0.7.2)\n","Requirement already satisfied: werkzeug>=1.0.1 in c:\\users\\yashk\\appdata\\local\\programs\\python\\python312\\lib\\site-packages (from tensorboard<2.17,>=2.16->tensorflow-intel==2.16.1->tensorflow) (3.0.2)\n","Requirement already satisfied: MarkupSafe>=2.1.1 in c:\\users\\yashk\\appdata\\local\\programs\\python\\python312\\lib\\site-packages (from werkzeug>=1.0.1->tensorboard<2.17,>=2.16->tensorflow-intel==2.16.1->tensorflow) (2.1.5)\n","Requirement already satisfied: markdown-it-py>=2.2.0 in c:\\users\\yashk\\appdata\\local\\programs\\python\\python312\\lib\\site-packages (from rich->keras>=3.0.0->tensorflow-intel==2.16.1->tensorflow) (3.0.0)\n","Requirement already satisfied: pygments<3.0.0,>=2.13.0 in c:\\users\\yashk\\appdata\\roaming\\python\\python312\\site-packages (from rich->keras>=3.0.0->tensorflow-intel==2.16.1->tensorflow) (2.17.2)\n","Requirement already satisfied: mdurl~=0.1 in c:\\users\\yashk\\appdata\\local\\programs\\python\\python312\\lib\\site-packages (from markdown-it-py>=2.2.0->rich->keras>=3.0.0->tensorflow-intel==2.16.1->tensorflow) (0.1.2)\n","Note: you may need to restart the kernel to use updated packages.\n"]}],"source":["%pip install --upgrade tensorflow"]},{"cell_type":"code","execution_count":5,"metadata":{"execution":{"iopub.execute_input":"2024-04-30T04:21:12.772738Z","iopub.status.busy":"2024-04-30T04:21:12.772414Z","iopub.status.idle":"2024-04-30T04:21:12.779158Z","shell.execute_reply":"2024-04-30T04:21:12.776172Z","shell.execute_reply.started":"2024-04-30T04:21:12.772709Z"},"trusted":true},"outputs":[],"source":["# !pip install --upgrade keras"]},{"cell_type":"code","execution_count":6,"metadata":{"execution":{"iopub.execute_input":"2024-04-30T04:21:12.781127Z","iopub.status.busy":"2024-04-30T04:21:12.780762Z","iopub.status.idle":"2024-04-30T04:21:12.831685Z","shell.execute_reply":"2024-04-30T04:21:12.830638Z","shell.execute_reply.started":"2024-04-30T04:21:12.781093Z"},"trusted":true},"outputs":[],"source":["# import keras\n","# from keras.models import load_model"]},{"cell_type":"code","execution_count":7,"metadata":{"execution":{"iopub.execute_input":"2024-04-30T04:21:12.833409Z","iopub.status.busy":"2024-04-30T04:21:12.833033Z","iopub.status.idle":"2024-04-30T04:21:12.840183Z","shell.execute_reply":"2024-04-30T04:21:12.839284Z","shell.execute_reply.started":"2024-04-30T04:21:12.833375Z"},"trusted":true},"outputs":[],"source":["# !pip install tensorflow_addons"]},{"cell_type":"code","execution_count":8,"metadata":{"execution":{"iopub.execute_input":"2024-04-30T04:21:12.842215Z","iopub.status.busy":"2024-04-30T04:21:12.841846Z","iopub.status.idle":"2024-04-30T04:21:12.849026Z","shell.execute_reply":"2024-04-30T04:21:12.847946Z","shell.execute_reply.started":"2024-04-30T04:21:12.842182Z"},"trusted":true},"outputs":[],"source":["# pip install tensorflow -"]},{"cell_type":"code","execution_count":9,"metadata":{"execution":{"iopub.execute_input":"2024-04-30T04:21:12.850591Z","iopub.status.busy":"2024-04-30T04:21:12.850285Z","iopub.status.idle":"2024-04-30T04:22:00.871982Z","shell.execute_reply":"2024-04-30T04:22:00.870832Z","shell.execute_reply.started":"2024-04-30T04:21:12.850564Z"},"trusted":true},"outputs":[{"name":"stdout","output_type":"stream","text":["Note: you may need to restart the kernel to use updated packages.\n"]},{"name":"stderr","output_type":"stream","text":["The system cannot find the file specified.\n"]}],"source":["%pip install 'keras<3.0.0' mediapipe-model-maker"]},{"cell_type":"code","execution_count":10,"metadata":{"execution":{"iopub.execute_input":"2024-04-30T04:22:00.874102Z","iopub.status.busy":"2024-04-30T04:22:00.873754Z","iopub.status.idle":"2024-04-30T04:22:10.689661Z","shell.execute_reply":"2024-04-30T04:22:10.688906Z","shell.execute_reply.started":"2024-04-30T04:22:00.874051Z"},"trusted":true},"outputs":[],"source":["import torch\n","import torch.nn as nn\n","import torchvision.utils as vutils\n","import torchvision.transforms as transforms\n","import os\n","import sys\n","input_dir = r'D:\\clg files\\RecSys\\py_files'\n","sys.path.append(input_dir)\n","\n","from data_util import AttDesDataset\n","from utils import weights_init\n","\n","from dcgan_model import Generator, Discriminator\n","import time\n","import imageio\n","import matplotlib.pyplot as plt\n","\n","import warnings\n","warnings.filterwarnings(\"ignore\")"]},{"cell_type":"code","execution_count":11,"metadata":{"execution":{"iopub.execute_input":"2024-04-30T04:22:10.691416Z","iopub.status.busy":"2024-04-30T04:22:10.690874Z","iopub.status.idle":"2024-04-30T04:22:10.743811Z","shell.execute_reply":"2024-04-30T04:22:10.742709Z","shell.execute_reply.started":"2024-04-30T04:22:10.691388Z"},"trusted":true},"outputs":[{"name":"stdout","output_type":"stream","text":["Using Device cpu\n"]}],"source":["# Setting device to cuda\n","device = torch.device('cuda' if torch.cuda.is_available() else 'cpu')\n","print(\"Using Device\", device)"]},{"cell_type":"code","execution_count":12,"metadata":{"execution":{"iopub.execute_input":"2024-04-30T04:22:10.746034Z","iopub.status.busy":"2024-04-30T04:22:10.745559Z","iopub.status.idle":"2024-04-30T04:22:10.762543Z","shell.execute_reply":"2024-04-30T04:22:10.761792Z","shell.execute_reply.started":"2024-04-30T04:22:10.745986Z"},"trusted":true},"outputs":[],"source":["# directory to store output images\n","output_save_path = './generated_images/'\n","os.makedirs(output_save_path, exist_ok=True)"]},{"cell_type":"code","execution_count":13,"metadata":{"execution":{"iopub.execute_input":"2024-04-30T04:22:10.764090Z","iopub.status.busy":"2024-04-30T04:22:10.763759Z","iopub.status.idle":"2024-04-30T04:22:10.770347Z","shell.execute_reply":"2024-04-30T04:22:10.769432Z","shell.execute_reply.started":"2024-04-30T04:22:10.764063Z"},"trusted":true},"outputs":[],"source":["# directory to store trained models\n","model_save_path = './saved_models/'\n","os.makedirs(model_save_path, exist_ok=True)"]},{"cell_type":"code","execution_count":14,"metadata":{},"outputs":[],"source":["from torch.utils.data import Dataset"]},{"cell_type":"code","execution_count":15,"metadata":{},"outputs":[],"source":["class CustomDataset(Dataset):\n","    def __init__(self, data):\n","        self.images = data['images']\n","        self.captions = data['captions']\n","\n","    def __getitem__(self, index):\n","        image = self.images[index]\n","        caption = self.captions[index]\n","        return image, caption\n","\n","    def __len__(self):\n","        return len(self.images)"]},{"cell_type":"code","execution_count":16,"metadata":{"execution":{"iopub.execute_input":"2024-04-30T04:22:10.775506Z","iopub.status.busy":"2024-04-30T04:22:10.775153Z"},"trusted":true},"outputs":[{"name":"stdout","output_type":"stream","text":["1860\n","1860\n","No of batches in train loader:  30\n","No of batches in validation loader:  6\n"]}],"source":["# data_root = r'/kaggle/input/textfor/data_for_test2.csv'\n","# split_root = ''\n","# dataset_name = 'Furniture'\n","# normalize = transforms.Normalize(mean=[0, 0, 0], std=[1, 1, 1])\n","# batch_size = 1 #128\n","# dataset = AttDesDataset(data_root, dataset_name, transform=transforms.Compose([\n","#                                             transforms.Resize((448,448)),\n","#                                             transforms.RandomHorizontalFlip(),\n","#                                             transforms.ToTensor(),\n","#                                             normalize,\n","#                                         ]))\n","\n","# print(dataset.images)\n","# print(dataset.des_list)\n","\n","# training_dict = {\n","#     'images': dataset.images,\n","#     'captions': dataset.des\n","# }\n","# train_loader = DataLoader(training_dict, batch_size=batch_size,shuffle=True,num_workers=8)\n","# print(\"No of batches: \",len(train_loader))\n","\n","from torch.utils.data import DataLoader, SubsetRandomSampler\n","import numpy as np\n","\n","data_root = r'data_files\\smoll.csv'\n","split_root = ''\n","dataset_name = 'Furniture'\n","normalize = transforms.Normalize(mean=[0, 0, 0], std=[1, 1, 1])\n","batch_size = 64 #128\n","dataset = AttDesDataset(data_root, dataset_name, transform=transforms.Compose([\n","                                            transforms.Resize((448,448)),\n","                                            transforms.RandomHorizontalFlip(),\n","                                            transforms.ToTensor(),\n","                                            normalize,\n","                                        ]))\n","\n","temp_dataset = {'images': dataset.images, 'captions': dataset.des_list}\n","custom_dataset = CustomDataset(temp_dataset)\n","print(len(temp_dataset['images']))\n","print(len(temp_dataset['captions']))\n","# Assuming your dataset has 1000 samples\n","num_samples = len(dataset)\n","indices = list(range(num_samples))\n","split = int(np.floor(0.8 * num_samples))  # 80-20 train-validation split\n","\n","# Randomly shuffle the indices\n","np.random.shuffle(indices)\n","\n","# Split the indices into train and validation sets\n","train_indices, val_indices = indices[:split], indices[split:]\n","\n","# Define samplers for train and validation sets\n","train_sampler = SubsetRandomSampler(train_indices)\n","val_sampler = SubsetRandomSampler(val_indices)\n","\n","# Define DataLoader for train and validation sets using samplers\n","# train_loader = DataLoader(dataset, batch_size=batch_size, sampler=train_sampler, num_workers=8)\n","train_loader = DataLoader(custom_dataset, batch_size=batch_size, shuffle=True, num_workers=8)\n","val_loader = DataLoader(custom_dataset, batch_size=batch_size, sampler=val_sampler, num_workers=8)\n","\n","# Check the number of batches in train and validation loaders\n","print(\"No of batches in train loader: \", len(train_loader))\n","print(\"No of batches in validation loader: \", len(val_loader))\n","\n"]},{"cell_type":"code","execution_count":17,"metadata":{"trusted":true},"outputs":[{"name":"stdout","output_type":"stream","text":["[tensor([[[0.8471, 0.8471, 0.8471,  ..., 0.1255, 0.1294, 0.1490],\n","         [0.8471, 0.8471, 0.8471,  ..., 0.1255, 0.1294, 0.1490],\n","         [0.8471, 0.8471, 0.8471,  ..., 0.1255, 0.1294, 0.1490],\n","         ...,\n","         [0.6275, 0.6275, 0.6275,  ..., 0.0196, 0.0118, 0.0118],\n","         [0.6275, 0.6275, 0.6275,  ..., 0.0235, 0.0196, 0.0196],\n","         [0.6275, 0.6275, 0.6275,  ..., 0.0235, 0.0235, 0.0235]],\n","\n","        [[0.8510, 0.8510, 0.8510,  ..., 0.1216, 0.1255, 0.1451],\n","         [0.8510, 0.8510, 0.8510,  ..., 0.1216, 0.1255, 0.1451],\n","         [0.8510, 0.8510, 0.8510,  ..., 0.1216, 0.1255, 0.1451],\n","         ...,\n","         [0.6275, 0.6275, 0.6275,  ..., 0.0118, 0.0039, 0.0039],\n","         [0.6275, 0.6275, 0.6275,  ..., 0.0157, 0.0118, 0.0118],\n","         [0.6275, 0.6275, 0.6275,  ..., 0.0157, 0.0157, 0.0157]],\n","\n","        [[0.8588, 0.8588, 0.8588,  ..., 0.1412, 0.1451, 0.1647],\n","         [0.8588, 0.8588, 0.8588,  ..., 0.1412, 0.1451, 0.1647],\n","         [0.8588, 0.8588, 0.8588,  ..., 0.1412, 0.1451, 0.1647],\n","         ...,\n","         [0.6353, 0.6353, 0.6353,  ..., 0.0157, 0.0078, 0.0078],\n","         [0.6353, 0.6353, 0.6353,  ..., 0.0196, 0.0157, 0.0157],\n","         [0.6353, 0.6353, 0.6353,  ..., 0.0196, 0.0196, 0.0196]]]), tensor([[[0.1490, 0.1294, 0.1255,  ..., 0.8471, 0.8471, 0.8471],\n","         [0.1490, 0.1294, 0.1255,  ..., 0.8471, 0.8471, 0.8471],\n","         [0.1490, 0.1294, 0.1255,  ..., 0.8471, 0.8471, 0.8471],\n","         ...,\n","         [0.0118, 0.0118, 0.0196,  ..., 0.6275, 0.6275, 0.6275],\n","         [0.0196, 0.0196, 0.0235,  ..., 0.6275, 0.6275, 0.6275],\n","         [0.0235, 0.0235, 0.0235,  ..., 0.6275, 0.6275, 0.6275]],\n","\n","        [[0.1451, 0.1255, 0.1216,  ..., 0.8510, 0.8510, 0.8510],\n","         [0.1451, 0.1255, 0.1216,  ..., 0.8510, 0.8510, 0.8510],\n","         [0.1451, 0.1255, 0.1216,  ..., 0.8510, 0.8510, 0.8510],\n","         ...,\n","         [0.0039, 0.0039, 0.0118,  ..., 0.6275, 0.6275, 0.6275],\n","         [0.0118, 0.0118, 0.0157,  ..., 0.6275, 0.6275, 0.6275],\n","         [0.0157, 0.0157, 0.0157,  ..., 0.6275, 0.6275, 0.6275]],\n","\n","        [[0.1647, 0.1451, 0.1412,  ..., 0.8588, 0.8588, 0.8588],\n","         [0.1647, 0.1451, 0.1412,  ..., 0.8588, 0.8588, 0.8588],\n","         [0.1647, 0.1451, 0.1412,  ..., 0.8588, 0.8588, 0.8588],\n","         ...,\n","         [0.0078, 0.0078, 0.0157,  ..., 0.6353, 0.6353, 0.6353],\n","         [0.0157, 0.0157, 0.0196,  ..., 0.6353, 0.6353, 0.6353],\n","         [0.0196, 0.0196, 0.0196,  ..., 0.6353, 0.6353, 0.6353]]]), tensor([[[0.5020, 0.5020, 0.5020,  ..., 0.3255, 0.3294, 0.3333],\n","         [0.5020, 0.5020, 0.5020,  ..., 0.3255, 0.3294, 0.3333],\n","         [0.5020, 0.5020, 0.5020,  ..., 0.3255, 0.3294, 0.3333],\n","         ...,\n","         [0.6706, 0.6510, 0.6941,  ..., 0.2706, 0.3725, 0.3255],\n","         [0.4314, 0.4431, 0.4549,  ..., 0.2588, 0.3647, 0.3333],\n","         [0.3922, 0.4039, 0.4078,  ..., 0.2588, 0.3608, 0.3333]],\n","\n","        [[0.5020, 0.5020, 0.5020,  ..., 0.3216, 0.3255, 0.3294],\n","         [0.5020, 0.5020, 0.5020,  ..., 0.3216, 0.3255, 0.3294],\n","         [0.5020, 0.5020, 0.5020,  ..., 0.3255, 0.3294, 0.3333],\n","         ...,\n","         [0.6863, 0.6667, 0.7098,  ..., 0.2157, 0.3176, 0.2706],\n","         [0.4471, 0.4588, 0.4706,  ..., 0.2196, 0.3098, 0.2784],\n","         [0.4078, 0.4196, 0.4235,  ..., 0.2196, 0.3137, 0.2784]],\n","\n","        [[0.5412, 0.5412, 0.5412,  ..., 0.3412, 0.3451, 0.3490],\n","         [0.5412, 0.5412, 0.5412,  ..., 0.3412, 0.3451, 0.3490],\n","         [0.5333, 0.5333, 0.5333,  ..., 0.3333, 0.3373, 0.3412],\n","         ...,\n","         [0.7294, 0.7098, 0.7529,  ..., 0.1804, 0.2824, 0.2353],\n","         [0.4902, 0.5020, 0.5137,  ..., 0.1804, 0.2745, 0.2431],\n","         [0.4510, 0.4627, 0.4667,  ..., 0.1804, 0.2745, 0.2431]]]), tensor([[[0.3333, 0.3294, 0.3255,  ..., 0.5020, 0.5020, 0.5020],\n","         [0.3333, 0.3294, 0.3255,  ..., 0.5020, 0.5020, 0.5020],\n","         [0.3333, 0.3294, 0.3255,  ..., 0.5020, 0.5020, 0.5020],\n","         ...,\n","         [0.3255, 0.3725, 0.2706,  ..., 0.6941, 0.6510, 0.6706],\n","         [0.3333, 0.3647, 0.2588,  ..., 0.4549, 0.4431, 0.4314],\n","         [0.3333, 0.3608, 0.2588,  ..., 0.4078, 0.4039, 0.3922]],\n","\n","        [[0.3294, 0.3255, 0.3216,  ..., 0.5020, 0.5020, 0.5020],\n","         [0.3294, 0.3255, 0.3216,  ..., 0.5020, 0.5020, 0.5020],\n","         [0.3333, 0.3294, 0.3255,  ..., 0.5020, 0.5020, 0.5020],\n","         ...,\n","         [0.2706, 0.3176, 0.2157,  ..., 0.7098, 0.6667, 0.6863],\n","         [0.2784, 0.3098, 0.2196,  ..., 0.4706, 0.4588, 0.4471],\n","         [0.2784, 0.3137, 0.2196,  ..., 0.4235, 0.4196, 0.4078]],\n","\n","        [[0.3490, 0.3451, 0.3412,  ..., 0.5412, 0.5412, 0.5412],\n","         [0.3490, 0.3451, 0.3412,  ..., 0.5412, 0.5412, 0.5412],\n","         [0.3412, 0.3373, 0.3333,  ..., 0.5333, 0.5333, 0.5333],\n","         ...,\n","         [0.2353, 0.2824, 0.1804,  ..., 0.7529, 0.7098, 0.7294],\n","         [0.2431, 0.2745, 0.1804,  ..., 0.5137, 0.5020, 0.4902],\n","         [0.2431, 0.2745, 0.1804,  ..., 0.4667, 0.4627, 0.4510]]]), tensor([[[0.5020, 0.5020, 0.5020,  ..., 0.3255, 0.3294, 0.3333],\n","         [0.5020, 0.5020, 0.5020,  ..., 0.3255, 0.3294, 0.3333],\n","         [0.5020, 0.5020, 0.5020,  ..., 0.3255, 0.3294, 0.3333],\n","         ...,\n","         [0.6706, 0.6510, 0.6941,  ..., 0.2706, 0.3725, 0.3255],\n","         [0.4314, 0.4431, 0.4549,  ..., 0.2588, 0.3647, 0.3333],\n","         [0.3922, 0.4039, 0.4078,  ..., 0.2588, 0.3608, 0.3333]],\n","\n","        [[0.5020, 0.5020, 0.5020,  ..., 0.3216, 0.3255, 0.3294],\n","         [0.5020, 0.5020, 0.5020,  ..., 0.3216, 0.3255, 0.3294],\n","         [0.5020, 0.5020, 0.5020,  ..., 0.3255, 0.3294, 0.3333],\n","         ...,\n","         [0.6863, 0.6667, 0.7098,  ..., 0.2157, 0.3176, 0.2706],\n","         [0.4471, 0.4588, 0.4706,  ..., 0.2196, 0.3098, 0.2784],\n","         [0.4078, 0.4196, 0.4235,  ..., 0.2196, 0.3137, 0.2784]],\n","\n","        [[0.5412, 0.5412, 0.5412,  ..., 0.3412, 0.3451, 0.3490],\n","         [0.5412, 0.5412, 0.5412,  ..., 0.3412, 0.3451, 0.3490],\n","         [0.5333, 0.5333, 0.5333,  ..., 0.3333, 0.3373, 0.3412],\n","         ...,\n","         [0.7294, 0.7098, 0.7529,  ..., 0.1804, 0.2824, 0.2353],\n","         [0.4902, 0.5020, 0.5137,  ..., 0.1804, 0.2745, 0.2431],\n","         [0.4510, 0.4627, 0.4667,  ..., 0.1804, 0.2745, 0.2431]]]), tensor([[[0.5020, 0.5020, 0.5020,  ..., 0.3255, 0.3294, 0.3333],\n","         [0.5020, 0.5020, 0.5020,  ..., 0.3255, 0.3294, 0.3333],\n","         [0.5020, 0.5020, 0.5020,  ..., 0.3255, 0.3294, 0.3333],\n","         ...,\n","         [0.6706, 0.6510, 0.6941,  ..., 0.2706, 0.3725, 0.3255],\n","         [0.4314, 0.4431, 0.4549,  ..., 0.2588, 0.3647, 0.3333],\n","         [0.3922, 0.4039, 0.4078,  ..., 0.2588, 0.3608, 0.3333]],\n","\n","        [[0.5020, 0.5020, 0.5020,  ..., 0.3216, 0.3255, 0.3294],\n","         [0.5020, 0.5020, 0.5020,  ..., 0.3216, 0.3255, 0.3294],\n","         [0.5020, 0.5020, 0.5020,  ..., 0.3255, 0.3294, 0.3333],\n","         ...,\n","         [0.6863, 0.6667, 0.7098,  ..., 0.2157, 0.3176, 0.2706],\n","         [0.4471, 0.4588, 0.4706,  ..., 0.2196, 0.3098, 0.2784],\n","         [0.4078, 0.4196, 0.4235,  ..., 0.2196, 0.3137, 0.2784]],\n","\n","        [[0.5412, 0.5412, 0.5412,  ..., 0.3412, 0.3451, 0.3490],\n","         [0.5412, 0.5412, 0.5412,  ..., 0.3412, 0.3451, 0.3490],\n","         [0.5333, 0.5333, 0.5333,  ..., 0.3333, 0.3373, 0.3412],\n","         ...,\n","         [0.7294, 0.7098, 0.7529,  ..., 0.1804, 0.2824, 0.2353],\n","         [0.4902, 0.5020, 0.5137,  ..., 0.1804, 0.2745, 0.2431],\n","         [0.4510, 0.4627, 0.4667,  ..., 0.1804, 0.2745, 0.2431]]]), tensor([[[0.5020, 0.5020, 0.5020,  ..., 0.3255, 0.3294, 0.3333],\n","         [0.5020, 0.5020, 0.5020,  ..., 0.3255, 0.3294, 0.3333],\n","         [0.5020, 0.5020, 0.5020,  ..., 0.3255, 0.3294, 0.3333],\n","         ...,\n","         [0.6706, 0.6510, 0.6941,  ..., 0.2706, 0.3725, 0.3255],\n","         [0.4314, 0.4431, 0.4549,  ..., 0.2588, 0.3647, 0.3333],\n","         [0.3922, 0.4039, 0.4078,  ..., 0.2588, 0.3608, 0.3333]],\n","\n","        [[0.5020, 0.5020, 0.5020,  ..., 0.3216, 0.3255, 0.3294],\n","         [0.5020, 0.5020, 0.5020,  ..., 0.3216, 0.3255, 0.3294],\n","         [0.5020, 0.5020, 0.5020,  ..., 0.3255, 0.3294, 0.3333],\n","         ...,\n","         [0.6863, 0.6667, 0.7098,  ..., 0.2157, 0.3176, 0.2706],\n","         [0.4471, 0.4588, 0.4706,  ..., 0.2196, 0.3098, 0.2784],\n","         [0.4078, 0.4196, 0.4235,  ..., 0.2196, 0.3137, 0.2784]],\n","\n","        [[0.5412, 0.5412, 0.5412,  ..., 0.3412, 0.3451, 0.3490],\n","         [0.5412, 0.5412, 0.5412,  ..., 0.3412, 0.3451, 0.3490],\n","         [0.5333, 0.5333, 0.5333,  ..., 0.3333, 0.3373, 0.3412],\n","         ...,\n","         [0.7294, 0.7098, 0.7529,  ..., 0.1804, 0.2824, 0.2353],\n","         [0.4902, 0.5020, 0.5137,  ..., 0.1804, 0.2745, 0.2431],\n","         [0.4510, 0.4627, 0.4667,  ..., 0.1804, 0.2745, 0.2431]]]), tensor([[[0.3333, 0.3294, 0.3255,  ..., 0.5020, 0.5020, 0.5020],\n","         [0.3333, 0.3294, 0.3255,  ..., 0.5020, 0.5020, 0.5020],\n","         [0.3333, 0.3294, 0.3255,  ..., 0.5020, 0.5020, 0.5020],\n","         ...,\n","         [0.3255, 0.3725, 0.2706,  ..., 0.6941, 0.6510, 0.6706],\n","         [0.3333, 0.3647, 0.2588,  ..., 0.4549, 0.4431, 0.4314],\n","         [0.3333, 0.3608, 0.2588,  ..., 0.4078, 0.4039, 0.3922]],\n","\n","        [[0.3294, 0.3255, 0.3216,  ..., 0.5020, 0.5020, 0.5020],\n","         [0.3294, 0.3255, 0.3216,  ..., 0.5020, 0.5020, 0.5020],\n","         [0.3333, 0.3294, 0.3255,  ..., 0.5020, 0.5020, 0.5020],\n","         ...,\n","         [0.2706, 0.3176, 0.2157,  ..., 0.7098, 0.6667, 0.6863],\n","         [0.2784, 0.3098, 0.2196,  ..., 0.4706, 0.4588, 0.4471],\n","         [0.2784, 0.3137, 0.2196,  ..., 0.4235, 0.4196, 0.4078]],\n","\n","        [[0.3490, 0.3451, 0.3412,  ..., 0.5412, 0.5412, 0.5412],\n","         [0.3490, 0.3451, 0.3412,  ..., 0.5412, 0.5412, 0.5412],\n","         [0.3412, 0.3373, 0.3333,  ..., 0.5333, 0.5333, 0.5333],\n","         ...,\n","         [0.2353, 0.2824, 0.1804,  ..., 0.7529, 0.7098, 0.7294],\n","         [0.2431, 0.2745, 0.1804,  ..., 0.5137, 0.5020, 0.4902],\n","         [0.2431, 0.2745, 0.1804,  ..., 0.4667, 0.4627, 0.4510]]]), tensor([[[0.3333, 0.3294, 0.3255,  ..., 0.5020, 0.5020, 0.5020],\n","         [0.3333, 0.3294, 0.3255,  ..., 0.5020, 0.5020, 0.5020],\n","         [0.3333, 0.3294, 0.3255,  ..., 0.5020, 0.5020, 0.5020],\n","         ...,\n","         [0.3255, 0.3725, 0.2706,  ..., 0.6941, 0.6510, 0.6706],\n","         [0.3333, 0.3647, 0.2588,  ..., 0.4549, 0.4431, 0.4314],\n","         [0.3333, 0.3608, 0.2588,  ..., 0.4078, 0.4039, 0.3922]],\n","\n","        [[0.3294, 0.3255, 0.3216,  ..., 0.5020, 0.5020, 0.5020],\n","         [0.3294, 0.3255, 0.3216,  ..., 0.5020, 0.5020, 0.5020],\n","         [0.3333, 0.3294, 0.3255,  ..., 0.5020, 0.5020, 0.5020],\n","         ...,\n","         [0.2706, 0.3176, 0.2157,  ..., 0.7098, 0.6667, 0.6863],\n","         [0.2784, 0.3098, 0.2196,  ..., 0.4706, 0.4588, 0.4471],\n","         [0.2784, 0.3137, 0.2196,  ..., 0.4235, 0.4196, 0.4078]],\n","\n","        [[0.3490, 0.3451, 0.3412,  ..., 0.5412, 0.5412, 0.5412],\n","         [0.3490, 0.3451, 0.3412,  ..., 0.5412, 0.5412, 0.5412],\n","         [0.3412, 0.3373, 0.3333,  ..., 0.5333, 0.5333, 0.5333],\n","         ...,\n","         [0.2353, 0.2824, 0.1804,  ..., 0.7529, 0.7098, 0.7294],\n","         [0.2431, 0.2745, 0.1804,  ..., 0.5137, 0.5020, 0.4902],\n","         [0.2431, 0.2745, 0.1804,  ..., 0.4667, 0.4627, 0.4510]]]), tensor([[[0.3333, 0.3294, 0.3255,  ..., 0.5020, 0.5020, 0.5020],\n","         [0.3333, 0.3294, 0.3255,  ..., 0.5020, 0.5020, 0.5020],\n","         [0.3333, 0.3294, 0.3255,  ..., 0.5020, 0.5020, 0.5020],\n","         ...,\n","         [0.3255, 0.3725, 0.2706,  ..., 0.6941, 0.6510, 0.6706],\n","         [0.3333, 0.3647, 0.2588,  ..., 0.4549, 0.4431, 0.4314],\n","         [0.3333, 0.3608, 0.2588,  ..., 0.4078, 0.4039, 0.3922]],\n","\n","        [[0.3294, 0.3255, 0.3216,  ..., 0.5020, 0.5020, 0.5020],\n","         [0.3294, 0.3255, 0.3216,  ..., 0.5020, 0.5020, 0.5020],\n","         [0.3333, 0.3294, 0.3255,  ..., 0.5020, 0.5020, 0.5020],\n","         ...,\n","         [0.2706, 0.3176, 0.2157,  ..., 0.7098, 0.6667, 0.6863],\n","         [0.2784, 0.3098, 0.2196,  ..., 0.4706, 0.4588, 0.4471],\n","         [0.2784, 0.3137, 0.2196,  ..., 0.4235, 0.4196, 0.4078]],\n","\n","        [[0.3490, 0.3451, 0.3412,  ..., 0.5412, 0.5412, 0.5412],\n","         [0.3490, 0.3451, 0.3412,  ..., 0.5412, 0.5412, 0.5412],\n","         [0.3412, 0.3373, 0.3333,  ..., 0.5333, 0.5333, 0.5333],\n","         ...,\n","         [0.2353, 0.2824, 0.1804,  ..., 0.7529, 0.7098, 0.7294],\n","         [0.2431, 0.2745, 0.1804,  ..., 0.5137, 0.5020, 0.4902],\n","         [0.2431, 0.2745, 0.1804,  ..., 0.4667, 0.4627, 0.4510]]]), tensor([[[0.3333, 0.3294, 0.3255,  ..., 0.5020, 0.5020, 0.5020],\n","         [0.3333, 0.3294, 0.3255,  ..., 0.5020, 0.5020, 0.5020],\n","         [0.3333, 0.3294, 0.3255,  ..., 0.5020, 0.5020, 0.5020],\n","         ...,\n","         [0.3255, 0.3725, 0.2706,  ..., 0.6941, 0.6510, 0.6706],\n","         [0.3333, 0.3647, 0.2588,  ..., 0.4549, 0.4431, 0.4314],\n","         [0.3333, 0.3608, 0.2588,  ..., 0.4078, 0.4039, 0.3922]],\n","\n","        [[0.3294, 0.3255, 0.3216,  ..., 0.5020, 0.5020, 0.5020],\n","         [0.3294, 0.3255, 0.3216,  ..., 0.5020, 0.5020, 0.5020],\n","         [0.3333, 0.3294, 0.3255,  ..., 0.5020, 0.5020, 0.5020],\n","         ...,\n","         [0.2706, 0.3176, 0.2157,  ..., 0.7098, 0.6667, 0.6863],\n","         [0.2784, 0.3098, 0.2196,  ..., 0.4706, 0.4588, 0.4471],\n","         [0.2784, 0.3137, 0.2196,  ..., 0.4235, 0.4196, 0.4078]],\n","\n","        [[0.3490, 0.3451, 0.3412,  ..., 0.5412, 0.5412, 0.5412],\n","         [0.3490, 0.3451, 0.3412,  ..., 0.5412, 0.5412, 0.5412],\n","         [0.3412, 0.3373, 0.3333,  ..., 0.5333, 0.5333, 0.5333],\n","         ...,\n","         [0.2353, 0.2824, 0.1804,  ..., 0.7529, 0.7098, 0.7294],\n","         [0.2431, 0.2745, 0.1804,  ..., 0.5137, 0.5020, 0.4902],\n","         [0.2431, 0.2745, 0.1804,  ..., 0.4667, 0.4627, 0.4510]]]), tensor([[[0.3333, 0.3373, 0.3490,  ..., 0.4784, 0.4784, 0.4784],\n","         [0.3294, 0.3333, 0.3451,  ..., 0.4784, 0.4784, 0.4784],\n","         [0.3255, 0.3294, 0.3373,  ..., 0.4784, 0.4784, 0.4784],\n","         ...,\n","         [0.0353, 0.0353, 0.0314,  ..., 0.1176, 0.0941, 0.0784],\n","         [0.0353, 0.0353, 0.0314,  ..., 0.1608, 0.1490, 0.1451],\n","         [0.0353, 0.0353, 0.0314,  ..., 0.1804, 0.1843, 0.1843]],\n","\n","        [[0.3294, 0.3333, 0.3451,  ..., 0.4784, 0.4784, 0.4784],\n","         [0.3255, 0.3294, 0.3412,  ..., 0.4784, 0.4784, 0.4784],\n","         [0.3216, 0.3255, 0.3333,  ..., 0.4784, 0.4784, 0.4784],\n","         ...,\n","         [0.0353, 0.0353, 0.0314,  ..., 0.0824, 0.0588, 0.0431],\n","         [0.0353, 0.0353, 0.0314,  ..., 0.1216, 0.1098, 0.1059],\n","         [0.0353, 0.0353, 0.0314,  ..., 0.1412, 0.1451, 0.1451]],\n","\n","        [[0.3216, 0.3255, 0.3373,  ..., 0.4706, 0.4706, 0.4706],\n","         [0.3176, 0.3216, 0.3333,  ..., 0.4706, 0.4706, 0.4706],\n","         [0.3137, 0.3176, 0.3255,  ..., 0.4706, 0.4706, 0.4706],\n","         ...,\n","         [0.0353, 0.0353, 0.0314,  ..., 0.0824, 0.0549, 0.0431],\n","         [0.0353, 0.0353, 0.0314,  ..., 0.1176, 0.1059, 0.1020],\n","         [0.0353, 0.0353, 0.0314,  ..., 0.1373, 0.1412, 0.1412]]]), tensor([[[0.3333, 0.3373, 0.3490,  ..., 0.4784, 0.4784, 0.4784],\n","         [0.3294, 0.3333, 0.3451,  ..., 0.4784, 0.4784, 0.4784],\n","         [0.3255, 0.3294, 0.3373,  ..., 0.4784, 0.4784, 0.4784],\n","         ...,\n","         [0.0353, 0.0353, 0.0314,  ..., 0.1176, 0.0941, 0.0784],\n","         [0.0353, 0.0353, 0.0314,  ..., 0.1608, 0.1490, 0.1451],\n","         [0.0353, 0.0353, 0.0314,  ..., 0.1804, 0.1843, 0.1843]],\n","\n","        [[0.3294, 0.3333, 0.3451,  ..., 0.4784, 0.4784, 0.4784],\n","         [0.3255, 0.3294, 0.3412,  ..., 0.4784, 0.4784, 0.4784],\n","         [0.3216, 0.3255, 0.3333,  ..., 0.4784, 0.4784, 0.4784],\n","         ...,\n","         [0.0353, 0.0353, 0.0314,  ..., 0.0824, 0.0588, 0.0431],\n","         [0.0353, 0.0353, 0.0314,  ..., 0.1216, 0.1098, 0.1059],\n","         [0.0353, 0.0353, 0.0314,  .